112.218031607 35.836806247
112.208519015 35.84699831
112.197647481 35.858549315
112.194929598 35.865344023
112.187455418 35.865344023
112.187813818 35.865271589
112.175922595 35.87062264
112.171760666 35.878351935
112.166409616 35.877162813
112.161058565 35.874190007
112.154518392 35.868838956
112.150356464 35.873595446
112.146789097 35.888459475
112.146789097 35.896188771
112.140248924 35.896783332
112.134897873 35.896783332
112.134897873 35.905701749
112.134897873 35.912241922
112.144410852 35.906296311
112.150356464 35.907485433
112.168787861 35.9110528
112.175922595 35.916403851
112.181273645 35.919971218
112.187813818 35.914025606
112.196137675 35.911647361
112.196137675 35.906890872
112.208028899 35.904512627
112.219920122 35.904512627
112.228243979 35.902134382
112.237756958 35.900350699
112.243108009 35.899756138
112.254999232 35.902134382
112.258566599 35.905701749
112.269268701 35.905701749
112.274619751 35.905701749
112.281159924 35.903323505
112.281754485 35.897377893
112.297213076 35.896783332
112.304942372 35.898567015
112.313860789 35.896783332
112.325752013 35.900350699
112.337643237 35.900350699
112.353696389 35.898567015
112.363209368 35.896188771
112.368560418 35.888459475
112.377478836 35.893215965
112.387586376 35.893810526
112.398883039 35.902728944
112.414936191 35.911647361
112.419043216 35.91174238
112.425729504 35.922028976
112.432415792 35.928200934
112.445788367 35.928200934
112.450417336 35.930772584
112.452474655 35.937458871
112.477162487 35.948774128
112.483334445 35.951860107
112.490535062 35.959060724
112.506479287 35.963689693
112.516765884 35.963689693
112.522423512 35.965232682
112.52705248 35.969861651
112.529624129 35.974490619
112.523966501 35.996606802
112.517794543 36.00329309
112.518308873 36.023351953
112.522423512 36.033638549
112.526023821 36.039810507
112.536824747 36.043410816
112.549168663 36.046496795
112.55791227 36.042382157
112.572827835 36.048039785
112.583628762 36.050097104
112.598029997 36.056269062
112.606773604 36.065526999
112.611402572 36.067584318
112.620660509 36.06192669
112.631461436 36.052154423
112.638662053 36.049582774
112.646377001 36.048039785
112.667978854 36.019751644
112.670036173 36.008436388
112.680837099 36.006893398
112.689580706 36.006893398
112.699867303 36.013579686
112.707067921 36.017179995
112.721469156 36.013065356
112.728155444 36.006379069
112.734841731 35.997635461
112.737413381 35.991977833
112.749242967 35.991977833
112.766215851 35.995063812
112.775473788 35.996606802
112.784731725 35.986320205
112.791932343 35.977576598
112.807362237 35.983748556
112.816105845 35.989406184
112.835136048 35.982719896
112.856223571 35.977062268
112.865995838 35.975004949
112.875253775 35.965747012
112.875253775 35.958546394
112.868053157 35.949802787
112.870624807 35.933344233
112.886569031 35.926143615
112.897884288 35.927172275
112.900455937 35.920485987
112.906627895 35.919971657
112.915371502 35.926143615
112.925143768 35.926657945
112.939030674 35.922028976
112.941602323 35.919971657
112.9498316 35.925114955
112.959603867 35.927686605
112.967833144 35.920485987
112.973490772 35.922543306
112.98069139 35.928200934
112.986349018 35.931286913
112.995092625 35.932315573
113.007436541 35.917914338
113.017208808 35.91225671
113.030581384 35.914314029
113.039839321 35.904027432
113.04035365 35.893740836
113.065555812 35.890654857
113.07121344 35.890654857
113.076871068 35.892712176
113.090757974 35.892712176
113.095386942 35.886025888
113.098472921 35.887054548
113.115445805 35.88088259
113.13139003 35.872653313
113.139619307 35.866995685
113.148362915 35.868024344
113.152477553 35.874196302
113.157106522 35.879339601
113.169964767 35.888597537
113.183337343 35.893740836
113.19105229 35.896312485
113.205967856 35.891169187
113.209053834 35.893740836
113.215225792 35.896826815
113.217797442 35.892712176
113.217797442 35.888083208
113.2239694 35.886025888
113.226026719 35.887568878
113.226026719 35.891683516
113.226026719 35.897341145
113.228598368 35.900941453
113.235798986 35.894769495
113.238884965 35.888597537
113.248657231 35.884482899
113.262029807 35.873681972
113.268201765 35.865967025
113.280031351 35.869053004
113.288260628 35.876767951
113.300090214 35.876253622
113.333521653 35.889111867
113.355123506 35.865967025
113.364895773 35.870081664
113.37363938 35.858252078
113.37415371 35.844365172
113.383925977 35.834592905
113.385983296 35.828935277
113.393698243 35.824306309
113.408613808 35.841793523
113.421472054 35.842822183
113.424558033 35.853623109
113.441530918 35.863395376
113.455417823 35.865452695
113.471876377 35.857223418
113.482677304 35.857223418
113.49553555 35.85156579
113.517137402 35.855166099
113.527938329 35.854651769
113.578342652 35.826877958
113.576799663 35.81916301
113.58502894 35.815048372
113.580399972 35.806304765
113.583485951 35.804247445
113.594286877 35.805276105
113.598915845 35.799104147
113.592743887 35.794989508
113.587086259 35.794475179
113.574228014 35.78984621
113.580914301 35.783674252
113.595829866 35.777502294
113.600458835 35.770301677
113.599430175 35.76104374
113.589657908 35.753328792
113.582457291 35.750757143
113.582971621 35.738927557
113.593258217 35.724526322
113.603030484 35.716811374
113.591715228 35.714239725
113.597372856 35.704981788
113.594801207 35.695723851
113.588114919 35.694695192
113.592743887 35.688523234
113.605602133 35.686465914
113.617431719 35.676693648
113.619489039 35.67052169
113.612802751 35.665378391
113.61588873 35.657663444
113.620003368 35.650977156
113.618974709 35.63914757
113.618974709 35.630403963
113.600973165 35.634518602
113.573199354 35.630403963
113.564455747 35.64069056
113.55365482 35.646862518
113.551597501 35.654063135
113.545939873 35.655606125
113.542853894 35.649948497
113.546454203 35.637604581
113.543882554 35.632975612
113.550568841 35.622174686
113.540282245 35.617031387
113.537196266 35.595943864
113.522280701 35.590800566
113.508393795 35.577427991
113.500164518 35.575370671
113.498107199 35.570227373
113.502221837 35.557883457
113.49553555 35.551711499
113.488334932 35.546568201
113.4929639 35.530109646
113.504279157 35.523423358
113.501707508 35.516222741
113.497592869 35.5172514
113.490906581 35.515194081
113.484220293 35.515708411
113.480619985 35.521880369
113.474962356 35.521880369
113.469304728 35.51776573
113.471876377 35.512622432
113.468790398 35.510050783
113.453360504 35.513136762
113.43484463 35.509536453
113.420443395 35.507993464
113.411699787 35.503364495
113.40398484 35.504393155
113.400898861 35.513651092
113.397298552 35.513651092
113.394212573 35.506964804
113.386497626 35.504907485
113.380839998 35.504393155
113.375696699 35.499249856
113.375696699 35.489991919
113.345351239 35.473533365
113.34226526 35.466847077
113.317063099 35.470447386
113.315005779 35.475076354
113.306262172 35.483819962
113.285688979 35.469418726
113.288260628 35.465304088
113.304204853 35.465818417
113.319634748 35.461703779
113.320663408 35.45758914
113.3119198 35.449874193
113.308319492 35.455531821
113.303690523 35.45810347
113.298032895 35.452445842
113.291860937 35.446788214
113.292375267 35.438044607
113.298547225 35.430843989
113.297004235 35.422614712
113.28208867 35.430843989
113.269744754 35.436501617
113.25431486 35.436501617
113.242999603 35.443187905
113.234255996 35.452960172
113.22294074 35.453474502
113.203396206 35.446273884
113.197738578 35.449359863
113.186423322 35.450388523
113.180251364 35.440101926
113.186937652 35.432901308
113.178708375 35.421586052
113.184366003 35.415414094
113.180765694 35.409756466
113.172022087 35.413871105
113.16276415 35.414899764
113.16070683 35.413356775
113.163792809 35.403070178
113.171507757 35.401012859
113.170479097 35.395355231
113.156077862 35.384554304
113.145791265 35.372210388
113.139104978 35.36758142
113.140647967 35.362952452
113.142190957 35.353180185
113.136533329 35.347522557
113.13293302 35.348036886
113.13190436 35.33877895
113.120589104 35.330549672
113.109273848 35.334664311
113.1015589 35.33826462
113.088700654 35.33672163
113.069670451 35.347008227
113.065555812 35.353694515
113.059383854 35.348551216
113.029552724 35.360380802
113.015665819 35.356780494
113.006407882 35.362952452
113.003836232 35.358323483
112.993549636 35.363466781
112.987892008 35.363466781
112.98223438 35.351637195
112.986863348 35.347008227
112.98069139 35.33775029
112.979148401 35.310490809
112.989434997 35.298661223
112.977605411 35.284259988
112.963718506 35.294546584
112.9498316 35.287345967
112.929772737 35.282716998
112.927715418 35.284259988
112.929258407 35.268315763
112.923600779 35.252371538
112.903541916 35.244142261
112.876796764 35.239513292
112.845422645 35.254943187
112.815077185 35.258029166
112.810962546 35.255971847
112.807876567 35.245170921
112.79964729 35.236427313
112.786274714 35.236941643
112.786274714 35.244142261
112.783188735 35.245170921
112.77033049 35.239513292
112.774445128 35.229226696
112.773930799 35.222540408
112.761072553 35.214311131
112.755929255 35.204024534
112.7394707 35.204024534
112.725583795 35.211225152
112.713239879 35.208139173
112.70809658 35.198366906
112.706553591 35.188594639
112.702953282 35.18756598
112.697295654 35.206081853
112.701410293 35.214311131
112.699352973 35.218425769
112.685980398 35.219968759
112.67775112 35.228198036
112.67775112 35.233341334
112.664378545 35.236427313
112.651520299 35.243627931
112.64740566 35.250314219
112.644834011 35.258543496
112.631975766 35.262143805
112.629404116 35.269344423
112.621174839 35.273459061
112.621174839 35.268315763
112.621174839 35.260600815
112.608830923 35.252371538
112.61860319 35.243627931
112.630432776 35.241570612
112.633518755 35.233855664
112.627346797 35.230255355
112.61860319 35.227169376
112.61860319 35.219454429
112.602658965 35.222540408
112.590315049 35.223569068
112.583114432 35.219968759
112.565627218 35.221511748
112.563055568 35.220997419
112.561512579 35.211225152
112.548654333 35.21533979
112.534767428 35.222026078
112.5291098 35.223569068
112.508022277 35.220997419
112.491563722 35.227683706
112.486420424 35.231798345
112.476648157 35.229226696
112.470990529 35.225626387
112.463275581 35.229741026
112.449388676 35.229741026
112.443731048 35.230769685
112.442188058 35.234884324
112.421614865 35.237455973
112.40824229 35.240541952
112.397955693 35.241570612
112.387669096 35.241570612
112.382525798 35.238484633
112.379954149 35.232312675
112.368124563 35.225626387
112.361952605 35.221511748
112.352694668 35.220997419
112.332635805 35.220997419
112.326978177 35.219968759
112.318748899 35.221511748
112.295089727 35.221511748
112.280174162 35.220483089
112.288917769 35.234369994
112.294575397 35.244142261
112.294575397 35.249799889
112.28531746 35.251342878
112.275545194 35.251342878
112.264744267 35.24774257
112.252914681 35.244142261
112.241599425 35.238484633
112.233370148 35.235398654
112.218454582 35.236427313
112.204567677 35.242084942
112.199938709 35.250314219
112.188109123 35.256486177
112.172164898 35.261629475
112.152106034 35.266258444
112.13667614 35.269344423
112.126389543 35.269344423
112.119703255 35.267287103
112.114559957 35.263172465
112.107359339 35.266258444
112.10375903 35.273973391
112.084728827 35.278602359
112.063126974 35.278602359
112.052326047 35.280145349
112.051811718 35.288374626
112.058498005 35.295575244
112.062612644 35.305347511
112.062612644 35.313062458
112.057983676 35.322834725
112.048211409 35.327978023
112.048725739 35.339293279
112.04563976 35.341864929
112.022494917 35.345465237
112.01580863 35.353180185
112.020951928 35.36706709
112.019923268 35.383011315
112.018380279 35.393297911
112.002950384 35.389697603
111.999864405 35.39844121
111.98546317 35.410270796
111.978262552 35.417471413
111.971061934 35.426215021
111.957689359 35.419014403
111.963346987 35.429815329
111.966947296 35.437015947
111.961803997 35.454503161
111.957689359 35.467361407
111.958203689 35.473019035
111.961289668 35.479705323
111.956660699 35.48896326
111.936601836 35.507993464
111.935573176 35.514679751
111.939173485 35.51776573
111.948945752 35.515194081
111.955632039 35.516222741
111.957689359 35.522909029
111.956660699 35.529595316
111.95306039 35.536281604
111.949460082 35.546053871
111.958718018 35.556340468
111.959746678 35.568684383
111.957175029 35.573313352
111.944316783 35.574856341
111.940716474 35.574342012
111.937116166 35.584114278
111.938659155 35.593372215
111.939173485 35.602630152
111.935058846 35.606744791
111.934030187 35.60931644
111.935058846 35.622689016
111.940202145 35.626803654
111.946374103 35.627317984
111.951003071 35.628346644
111.95460338 35.633489942
111.95357472 35.642747879
111.952546061 35.651491486
111.956146369 35.664864062
111.959232348 35.67000736
111.971576264 35.667950041
111.985977499 35.664864062
111.988034819 35.667950041
111.987520489 35.677207977
111.995749766 35.682865606
112.017351619 35.691609213
112.017865949 35.69983849
112.023523577 35.708582097
112.025580896 35.715268385
112.025066566 35.727097971
112.017351619 35.736355908
112.016322959 35.739441887
112.024552237 35.756414771
112.051297388 35.769787347
112.054383367 35.784702912
112.047697079 35.794475179
112.034838833 35.805790435
112.026095226 35.812476723
112.019408938 35.816591361
112.024037907 35.824306309
112.033295844 35.827392288
112.036381823 35.840764863
112.030724195 35.8500228
112.032781514 35.861338057
112.038953472 35.864424036
112.04615409 35.858766407
112.050783058 35.85105146
112.062098314 35.844365172
112.080614188 35.836650225
112.095529753 35.837678884
112.107359339 35.832021256
112.115588617 35.833049916
112.133590161 35.823791979
112.147991396 35.823277649
112.167535929 35.818134351
112.181422835 35.814019712
112.189652112 35.81916301
112.200453038 35.82122033
112.216397263 35.826877958
112.214839529 35.826212517
112.218345462 35.830469721
112.219347157 35.834226077
112.218595886 35.836479891
112.218846309 35.834726925
112.216091648 35.838984128
